1
2
5
9
14
21
24
25
28
29
32
39
42
49
56
64
75
87
220
223
235
237
240
243
255
257
268
271
284
287
307
309
331
333
1078
1080
1083
1085
1108
1110
1112
1113
1118
1120
1123
1125
1148
1150
1152
1153
1174
1176
1179
1181
1206
1208
1211
1213
1252
1254
1256
1257
1300
1302
1304
1305
4
8
13
22
23
26
34
37
44
47
52
60
69
81
225
227
230
233
245
247
250
253
260
263
276
279
295
297
319
321
1088
1090
1092
1093
1098
1100
1103
1105
1128
1130
1132
1133
1138
1140
1143
1145
1158
1160
1163
1165
1190
1192
1195
1197
1228
1230
1232
1233
1276
1278
1280
1281
