354 356 355
357 359 358
360 362 361
363 365 364
366 368 367
369 371 370
372 374 373
375 377 376
378 380 379
381 383 382
384 386 385
387 389 388
390 392 391
393 395 394
396 398 397
399 401 400
402 404 403
405 407 406
408 410 409
411 413 412
414 416 415
417 419 418
420 422 421
423 425 424
426 428 427
429 431 430
432 434 433
435 437 436
438 440 439
441 443 442
444 446 445
447 449 448
450 452 451
453 455 454
456 458 457
459 461 460
462 464 463
465 467 466
468 470 469
471 473 472
474 476 475
477 479 478
480 482 481
483 485 484
486 488 487
489 491 490
492 494 493
495 497 496
498 500 499
501 503 502
504 506 505
507 509 508
510 512 511
513 515 514
516 518 517
519 521 520
522 524 523
525 527 526
528 530 529
531 533 532
534 536 535
537 539 538
540 542 541
543 545 544
546 548 547
549 551 550
552 554 553
555 557 556
558 560 559
561 563 562
564 566 565
567 569 568
570 572 571
573 575 574
576 578 577
579 581 580
582 584 583
585 587 586
588 590 589
591 593 592
594 596 595
597 599 598
600 602 601
603 605 604
606 608 607
609 611 610
612 614 613
615 617 616
618 620 619
621 623 622
624 626 625
627 629 628
630 632 631
633 635 634
636 638 637
639 641 640
642 644 643
645 647 646
648 650 649
651 653 652
654 656 655
657 659 658
660 662 661
663 665 664
666 668 667
669 671 670
672 674 673
675 677 676
678 680 679
681 683 682
684 686 685
687 689 688
690 692 691
693 695 694
696 698 697
699 701 700
702 704 703
705 707 706
708 710 709
711 713 712
714 716 715
717 719 718
720 722 721
723 725 724
726 728 727
729 731 730
732 734 733
735 737 736
738 740 739
741 743 742
744 746 745
747 749 748
750 752 751
753 755 754
756 758 757
759 761 760
762 764 763
765 767 766
768 770 769
771 773 772
774 776 775
777 779 778
780 782 781
783 785 784
786 788 787
789 791 790
792 794 793
795 797 796
798 800 799
801 803 802
804 806 805
807 809 808
810 812 811
813 815 814
816 818 817
819 821 820
822 824 823
825 827 826
828 830 829
831 833 832
834 355 835
836 354 837
838 356 839
840 358 841
842 357 843
844 359 845
846 361 847
848 360 849
850 362 851
852 364 853
854 363 855
856 365 857
858 367 859
860 366 861
862 368 863
864 370 865
866 369 867
868 371 869
870 373 871
872 372 873
874 374 875
876 376 877
878 375 879
880 377 881
882 379 883
884 378 885
886 380 887
888 382 889
890 381 891
892 383 893
894 385 895
896 384 897
898 386 899
900 388 901
902 387 903
904 389 905
906 391 907
908 390 909
910 392 911
912 394 913
914 393 915
916 395 917
918 397 919
920 396 921
922 398 923
924 400 925
926 399 927
928 401 929
930 403 931
932 402 933
934 404 935
936 406 937
938 405 939
940 407 941
942 409 943
944 408 945
946 410 947
948 412 949
950 411 951
952 413 953
954 415 955
956 414 957
958 416 959
960 418 961
962 417 963
964 419 965
966 421 967
968 420 969
970 422 971
972 424 973
974 423 975
976 425 977
978 427 979
980 426 981
982 428 983
984 430 985
986 429 987
988 431 989
990 433 991
992 432 993
994 434 995
996 436 997
998 435 999
1000 437 1001
1002 439 1003
1004 438 1005
1006 440 1007
1008 442 1009
1010 441 1011
1012 443 1013
1014 445 1015
1016 444 1017
1018 446 1019
1020 448 1021
1022 447 1023
1024 449 1025
1026 451 1027
1028 450 1029
1030 452 1031
1032 454 1033
1034 453 1035
1036 455 1037
1038 457 1039
1040 456 1041
1042 458 1043
1044 460 1045
1046 459 1047
1048 461 1049
1050 463 1051
1052 462 1053
1054 464 1055
1056 466 1057
1058 465 1059
1060 467 1061
1062 469 1063
1064 468 1065
1066 470 1067
1068 472 1069
1070 471 1071
1072 473 1073
1074 475 1075
835 474 1076
1077 476 838
1078 478 1079
837 477 1080
1081 479 834
1082 481 1083
839 480 1084
1085 482 836
1086 484 1074
841 483 1087
1076 485 844
1088 487 1089
843 486 1090
1091 488 840
1079 490 1092
845 489 1081
1093 491 842
1094 493 1095
847 492 1096
1097 494 850
1098 496 1099
849 495 1100
1101 497 846
1102 499 1103
851 498 1104
1105 500 848
1106 502 1094
853 501 1107
1096 503 856
1108 505 1109
855 504 1110
1111 506 852
1099 508 1112
857 507 1101
1113 509 854
1114 511 1115
859 510 1116
1117 512 862
1118 514 1119
861 513 1120
1121 515 858
1122 517 1123
863 516 1124
1125 518 860
1126 520 1114
865 519 1127
1116 521 868
1128 523 1129
867 522 1130
1131 524 864
1119 526 1132
869 525 1121
1133 527 866
1134 529 1135
871 528 1136
1137 530 874
1138 532 1139
873 531 1140
1141 533 870
1142 535 1143
875 534 1144
1145 536 872
1146 538 1134
877 537 1147
1136 539 880
1148 541 1149
879 540 1150
1151 542 876
1139 544 1152
881 543 1141
1153 545 878
1154 547 1155
883 546 1156
1157 548 886
1158 550 1159
885 549 1160
1161 551 882
1162 553 1163
887 552 1164
1165 554 884
1166 556 1154
889 555 1167
1156 557 892
1095 559 1168
891 558 1097
1169 560 888
1159 562 1102
893 561 1161
1104 563 890
1170 565 1171
895 564 1172
1173 566 898
1174 568 1175
897 567 1176
1177 569 894
1178 571 1179
899 570 1180
1181 572 896
1182 574 1170
901 573 1183
1172 575 904
1115 577 1184
903 576 1117
1185 578 900
1175 580 1122
905 579 1177
1124 581 902
1186 583 1187
907 582 1188
1189 584 910
1190 586 1191
909 585 1192
1193 587 906
1194 589 1195
911 588 1196
1197 590 908
1198 592 1186
913 591 1199
1188 593 916
1135 595 1200
915 594 1137
1201 596 912
1191 598 1142
917 597 1193
1144 599 914
1202 601 1203
919 600 1204
1205 602 922
1206 604 1207
921 603 1208
1209 605 918
1210 607 1211
923 606 1212
1213 608 920
1214 610 1202
925 609 1215
1204 611 928
1075 613 1216
927 612 1077
1217 614 924
1207 616 1082
929 615 1209
1084 617 926
1218 619 1219
931 618 1220
1221 620 934
1089 622 1222
933 621 1091
1223 623 930
1224 625 1086
935 624 1225
1087 626 932
1226 628 1218
937 627 1227
1220 629 940
1228 631 1229
939 630 1230
1231 632 936
1222 634 1232
941 633 1223
1233 635 938
1155 637 1234
943 636 1157
1235 638 946
1229 640 1162
945 639 1231
1164 641 942
1236 643 1226
947 642 1237
1227 644 944
1219 646 1238
949 645 1221
1239 647 952
1216 649 1224
951 648 1217
1225 650 948
1240 652 1214
953 651 1241
1215 653 950
1242 655 1243
955 654 1244
1245 656 958
1109 658 1246
957 657 1111
1247 659 954
1248 661 1106
959 660 1249
1107 662 956
1250 664 1242
961 663 1251
1244 665 964
1252 667 1253
963 666 1254
1255 668 960
1246 670 1256
965 669 1247
1257 671 962
1171 673 1258
967 672 1173
1259 674 970
1253 676 1178
969 675 1255
1180 677 966
1260 679 1250
971 678 1261
1251 680 968
1243 682 1262
973 681 1245
1263 683 976
1168 685 1248
975 684 1169
1249 686 972
1264 688 1166
977 687 1265
1167 689 974
1266 691 1267
979 690 1268
1269 692 982
1129 694 1270
981 693 1131
1271 695 978
1272 697 1126
983 696 1273
1127 698 980
1274 700 1266
985 699 1275
1268 701 988
1276 703 1277
987 702 1278
1279 704 984
1270 706 1280
989 705 1271
1281 707 986
1187 709 1282
991 708 1189
1283 710 994
1277 712 1194
993 711 1279
1196 713 990
1284 715 1274
995 714 1285
1275 716 992
1267 718 1286
997 717 1269
1287 719 1000
1184 721 1272
999 720 1185
1273 722 996
1288 724 1182
1001 723 1289
1183 725 998
1290 727 1291
1003 726 1292
1293 728 1006
1149 730 1294
1005 729 1151
1295 731 1002
1296 733 1146
1007 732 1297
1147 734 1004
1298 736 1290
1009 735 1299
1292 737 1012
1300 739 1301
1011 738 1302
1303 740 1008
1294 742 1304
1013 741 1295
1305 743 1010
1203 745 1306
1015 744 1205
1307 746 1018
1301 748 1210
1017 747 1303
1212 749 1014
1308 751 1298
1019 750 1309
1299 752 1016
1291 754 1310
1021 753 1293
1311 755 1024
1200 757 1296
1023 756 1201
1297 758 1020
1312 760 1198
1025 759 1313
1199 761 1022
1314 763 1315
1027 762 1316
1317 764 1030
1238 766 1318
1029 765 1239
1319 767 1026
1320 769 1240
1031 768 1321
1241 770 1028
1322 772 1314
1033 771 1323
1316 773 1036
1234 775 1324
1035 774 1235
1325 776 1032
1318 778 1236
1037 777 1319
1237 779 1034
1262 781 1326
1039 780 1263
1327 782 1042
1324 784 1264
1041 783 1325
1265 785 1038
1328 787 1322
1043 786 1329
1323 788 1040
1315 790 1330
1045 789 1317
1331 791 1048
1306 793 1320
1047 792 1307
1321 794 1044
1332 796 1308
1049 795 1333
1309 797 1046
1330 799 1334
1051 798 1331
1335 800 1054
1310 802 1332
1053 801 1311
1333 803 1050
1336 805 1312
1055 804 1337
1313 806 1052
1334 808 1338
1057 807 1335
1339 809 1060
1282 811 1336
1059 810 1283
1337 812 1056
1340 814 1284
1061 813 1341
1285 815 1058
1338 817 1342
1063 816 1339
1343 818 1066
1286 820 1340
1065 819 1287
1341 821 1062
1344 823 1288
1067 822 1345
1289 824 1064
1326 826 1260
1069 825 1327
1261 827 1072
1342 829 1328
1071 828 1343
1329 830 1068
1258 832 1344
1073 831 1259
1345 833 1070
98 354 355
100 356 354
99 355 356
101 357 358
103 359 357
102 358 359
104 360 361
106 362 360
105 361 362
107 363 364
109 365 363
108 364 365
110 366 367
112 368 366
111 367 368
113 369 370
115 371 369
114 370 371
116 372 373
118 374 372
117 373 374
119 375 376
121 377 375
120 376 377
122 378 379
124 380 378
123 379 380
125 381 382
127 383 381
126 382 383
128 384 385
130 386 384
129 385 386
131 387 388
133 389 387
132 388 389
134 390 391
136 392 390
135 391 392
137 393 394
139 395 393
138 394 395
140 396 397
142 398 396
141 397 398
143 399 400
145 401 399
144 400 401
146 402 403
148 404 402
147 403 404
149 405 406
151 407 405
150 406 407
152 408 409
154 410 408
153 409 410
155 411 412
157 413 411
156 412 413
158 414 415
160 416 414
159 415 416
161 417 418
163 419 417
162 418 419
164 420 421
166 422 420
165 421 422
167 423 424
169 425 423
168 424 425
170 426 427
172 428 426
171 427 428
173 429 430
175 431 429
174 430 431
176 432 433
178 434 432
177 433 434
179 435 436
181 437 435
180 436 437
182 438 439
184 440 438
183 439 440
185 441 442
187 443 441
186 442 443
188 444 445
190 446 444
189 445 446
191 447 448
193 449 447
192 448 449
194 450 451
196 452 450
195 451 452
197 453 454
199 455 453
198 454 455
200 456 457
202 458 456
201 457 458
203 459 460
205 461 459
204 460 461
206 462 463
208 464 462
207 463 464
209 465 466
211 467 465
210 466 467
212 468 469
214 470 468
213 469 470
215 471 472
217 473 471
216 472 473
218 474 475
99 476 474
219 475 476
220 477 478
98 479 477
221 478 479
222 480 481
100 482 480
223 481 482
224 483 484
102 485 483
218 484 485
225 486 487
101 488 486
226 487 488
221 489 490
103 491 489
227 490 491
228 492 493
105 494 492
229 493 494
230 495 496
104 497 495
231 496 497
232 498 499
106 500 498
233 499 500
234 501 502
108 503 501
228 502 503
235 504 505
107 506 504
236 505 506
231 507 508
109 509 507
237 508 509
238 510 511
111 512 510
239 511 512
240 513 514
110 515 513
241 514 515
242 516 517
112 518 516
243 517 518
244 519 520
114 521 519
238 520 521
245 522 523
113 524 522
246 523 524
241 525 526
115 527 525
247 526 527
248 528 529
117 530 528
249 529 530
250 531 532
116 533 531
251 532 533
252 534 535
118 536 534
253 535 536
254 537 538
120 539 537
248 538 539
255 540 541
119 542 540
256 541 542
251 543 544
121 545 543
257 544 545
258 546 547
123 548 546
259 547 548
260 549 550
122 551 549
261 550 551
262 552 553
124 554 552
263 553 554
264 555 556
126 557 555
258 556 557
229 558 559
125 560 558
265 559 560
261 561 562
127 563 561
232 562 563
266 564 565
129 566 564
267 565 566
268 567 568
128 569 567
269 568 569
270 570 571
130 572 570
271 571 572
272 573 574
132 575 573
266 574 575
239 576 577
131 578 576
273 577 578
269 579 580
133 581 579
242 580 581
274 582 583
135 584 582
275 583 584
276 585 586
134 587 585
277 586 587
278 588 589
136 590 588
279 589 590
280 591 592
138 593 591
274 592 593
249 594 595
137 596 594
281 595 596
277 597 598
139 599 597
252 598 599
282 600 601
141 602 600
283 601 602
284 603 604
140 605 603
285 604 605
286 606 607
142 608 606
287 607 608
288 609 610
144 611 609
282 610 611
219 612 613
143 614 612
289 613 614
285 615 616
145 617 615
222 616 617
290 618 619
147 620 618
291 619 620
226 621 622
146 623 621
292 622 623
293 624 625
148 626 624
224 625 626
294 627 628
150 629 627
290 628 629
295 630 631
149 632 630
296 631 632
292 633 634
151 635 633
297 634 635
259 636 637
153 638 636
298 637 638
296 639 640
152 641 639
262 640 641
299 642 643
154 644 642
294 643 644
291 645 646
156 647 645
300 646 647
289 648 649
155 650 648
293 649 650
301 651 652
157 653 651
288 652 653
302 654 655
159 656 654
303 655 656
236 657 658
158 659 657
304 658 659
305 660 661
160 662 660
234 661 662
306 663 664
162 665 663
302 664 665
307 666 667
161 668 666
308 667 668
304 669 670
163 671 669
309 670 671
267 672 673
165 674 672
310 673 674
308 675 676
164 677 675
270 676 677
311 678 679
166 680 678
306 679 680
303 681 682
168 683 681
312 682 683
265 684 685
167 686 684
305 685 686
313 687 688
169 689 687
264 688 689
314 690 691
171 692 690
315 691 692
246 693 694
170 695 693
316 694 695
317 696 697
172 698 696
244 697 698
318 699 700
174 701 699
314 700 701
319 702 703
173 704 702
320 703 704
316 705 706
175 707 705
321 706 707
275 708 709
177 710 708
322 709 710
320 711 712
176 713 711
278 712 713
323 714 715
178 716 714
318 715 716
315 717 718
180 719 717
324 718 719
273 720 721
179 722 720
317 721 722
325 723 724
181 725 723
272 724 725
326 726 727
183 728 726
327 727 728
256 729 730
182 731 729
328 730 731
329 732 733
184 734 732
254 733 734
330 735 736
186 737 735
326 736 737
331 738 739
185 740 738
332 739 740
328 741 742
187 743 741
333 742 743
283 744 745
189 746 744
334 745 746
332 747 748
188 749 747
286 748 749
335 750 751
190 752 750
330 751 752
327 753 754
192 755 753
336 754 755
281 756 757
191 758 756
329 757 758
337 759 760
193 761 759
280 760 761
338 762 763
195 764 762
339 763 764
300 765 766
194 767 765
340 766 767
341 768 769
196 770 768
301 769 770
342 771 772
198 773 771
338 772 773
298 774 775
197 776 774
343 775 776
340 777 778
199 779 777
299 778 779
312 780 781
201 782 780
344 781 782
343 783 784
200 785 783
313 784 785
345 786 787
202 788 786
342 787 788
339 789 790
204 791 789
346 790 791
334 792 793
203 794 792
341 793 794
347 795 796
205 797 795
335 796 797
346 798 799
207 800 798
348 799 800
336 801 802
206 803 801
347 802 803
349 804 805
208 806 804
337 805 806
348 807 808
210 809 807
350 808 809
322 810 811
209 812 810
349 811 812
351 813 814
211 815 813
323 814 815
350 816 817
213 818 816
352 817 818
324 819 820
212 821 819
351 820 821
353 822 823
214 824 822
325 823 824
344 825 826
216 827 825
311 826 827
352 828 829
215 830 828
345 829 830
310 831 832
217 833 831
353 832 833
30 834 835
98 355 834
99 835 355
32 836 837
100 354 836
98 837 354
31 838 839
99 356 838
100 839 356
33 840 841
101 358 840
102 841 358
34 842 843
103 357 842
101 843 357
30 844 845
102 359 844
103 845 359
35 846 847
104 361 846
105 847 361
37 848 849
106 360 848
104 849 360
36 850 851
105 362 850
106 851 362
38 852 853
107 364 852
108 853 364
39 854 855
109 363 854
107 855 363
35 856 857
108 365 856
109 857 365
40 858 859
110 367 858
111 859 367
42 860 861
112 366 860
110 861 366
41 862 863
111 368 862
112 863 368
43 864 865
113 370 864
114 865 370
44 866 867
115 369 866
113 867 369
40 868 869
114 371 868
115 869 371
45 870 871
116 373 870
117 871 373
47 872 873
118 372 872
116 873 372
46 874 875
117 374 874
118 875 374
48 876 877
119 376 876
120 877 376
49 878 879
121 375 878
119 879 375
45 880 881
120 377 880
121 881 377
50 882 883
122 379 882
123 883 379
52 884 885
124 378 884
122 885 378
51 886 887
123 380 886
124 887 380
53 888 889
125 382 888
126 889 382
36 890 891
127 381 890
125 891 381
50 892 893
126 383 892
127 893 383
54 894 895
128 385 894
129 895 385
56 896 897
130 384 896
128 897 384
55 898 899
129 386 898
130 899 386
57 900 901
131 388 900
132 901 388
41 902 903
133 387 902
131 903 387
54 904 905
132 389 904
133 905 389
58 906 907
134 391 906
135 907 391
60 908 909
136 390 908
134 909 390
59 910 911
135 392 910
136 911 392
61 912 913
137 394 912
138 913 394
46 914 915
139 393 914
137 915 393
58 916 917
138 395 916
139 917 395
62 918 919
140 397 918
141 919 397
64 920 921
142 396 920
140 921 396
63 922 923
141 398 922
142 923 398
65 924 925
143 400 924
144 925 400
31 926 927
145 399 926
143 927 399
62 928 929
144 401 928
145 929 401
66 930 931
146 403 930
147 931 403
33 932 933
148 402 932
146 933 402
67 934 935
147 404 934
148 935 404
68 936 937
149 406 936
150 937 406
69 938 939
151 405 938
149 939 405
66 940 941
150 407 940
151 941 407
51 942 943
152 409 942
153 943 409
68 944 945
154 408 944
152 945 408
70 946 947
153 410 946
154 947 410
67 948 949
155 412 948
156 949 412
65 950 951
157 411 950
155 951 411
71 952 953
156 413 952
157 953 413
72 954 955
158 415 954
159 955 415
38 956 957
160 414 956
158 957 414
73 958 959
159 416 958
160 959 416
74 960 961
161 418 960
162 961 418
75 962 963
163 417 962
161 963 417
72 964 965
162 419 964
163 965 419
55 966 967
164 421 966
165 967 421
74 968 969
166 420 968
164 969 420
76 970 971
165 422 970
166 971 422
73 972 973
167 424 972
168 973 424
53 974 975
169 423 974
167 975 423
77 976 977
168 425 976
169 977 425
78 978 979
170 427 978
171 979 427
43 980 981
172 426 980
170 981 426
79 982 983
171 428 982
172 983 428
80 984 985
173 430 984
174 985 430
81 986 987
175 429 986
173 987 429
78 988 989
174 431 988
175 989 431
59 990 991
176 433 990
177 991 433
80 992 993
178 432 992
176 993 432
82 994 995
177 434 994
178 995 434
79 996 997
179 436 996
180 997 436
57 998 999
181 435 998
179 999 435
83 1000 1001
180 437 1000
181 1001 437
84 1002 1003
182 439 1002
183 1003 439
48 1004 1005
184 438 1004
182 1005 438
85 1006 1007
183 440 1006
184 1007 440
86 1008 1009
185 442 1008
186 1009 442
87 1010 1011
187 441 1010
185 1011 441
84 1012 1013
186 443 1012
187 1013 443
63 1014 1015
188 445 1014
189 1015 445
86 1016 1017
190 444 1016
188 1017 444
88 1018 1019
189 446 1018
190 1019 446
85 1020 1021
191 448 1020
192 1021 448
61 1022 1023
193 447 1022
191 1023 447
89 1024 1025
192 449 1024
193 1025 449
90 1026 1027
194 451 1026
195 1027 451
71 1028 1029
196 450 1028
194 1029 450
91 1030 1031
195 452 1030
196 1031 452
92 1032 1033
197 454 1032
198 1033 454
70 1034 1035
199 453 1034
197 1035 453
90 1036 1037
198 455 1036
199 1037 455
77 1038 1039
200 457 1038
201 1039 457
92 1040 1041
202 456 1040
200 1041 456
93 1042 1043
201 458 1042
202 1043 458
91 1044 1045
203 460 1044
204 1045 460
88 1046 1047
205 459 1046
203 1047 459
94 1048 1049
204 461 1048
205 1049 461
94 1050 1051
206 463 1050
207 1051 463
89 1052 1053
208 462 1052
206 1053 462
95 1054 1055
207 464 1054
208 1055 464
95 1056 1057
209 466 1056
210 1057 466
82 1058 1059
211 465 1058
209 1059 465
96 1060 1061
210 467 1060
211 1061 467
96 1062 1063
212 469 1062
213 1063 469
83 1064 1065
214 468 1064
212 1065 468
97 1066 1067
213 470 1066
214 1067 470
93 1068 1069
215 472 1068
216 1069 472
97 1070 1071
217 471 1070
215 1071 471
76 1072 1073
216 473 1072
217 1073 473
3 1074 1075
218 475 1074
219 1075 475
30 835 1076
99 474 835
218 1076 474
31 1077 838
219 476 1077
99 838 476
1 1078 1079
220 478 1078
221 1079 478
32 837 1080
98 477 837
220 1080 477
30 1081 834
221 479 1081
98 834 479
2 1082 1083
222 481 1082
223 1083 481
31 839 1084
100 480 839
222 1084 480
32 1085 836
223 482 1085
100 836 482
3 1086 1074
224 484 1086
218 1074 484
33 841 1087
102 483 841
224 1087 483
30 1076 844
218 485 1076
102 844 485
4 1088 1089
225 487 1088
226 1089 487
34 843 1090
101 486 843
225 1090 486
33 1091 840
226 488 1091
101 840 488
1 1079 1092
221 490 1079
227 1092 490
30 845 1081
103 489 845
221 1081 489
34 1093 842
227 491 1093
103 842 491
20 1094 1095
228 493 1094
229 1095 493
35 847 1096
105 492 847
228 1096 492
36 1097 850
229 494 1097
105 850 494
21 1098 1099
230 496 1098
231 1099 496
37 849 1100
104 495 849
230 1100 495
35 1101 846
231 497 1101
104 846 497
13 1102 1103
232 499 1102
233 1103 499
36 851 1104
106 498 851
232 1104 498
37 1105 848
233 500 1105
106 848 500
20 1106 1094
234 502 1106
228 1094 502
38 853 1107
108 501 853
234 1107 501
35 1096 856
228 503 1096
108 856 503
24 1108 1109
235 505 1108
236 1109 505
39 855 1110
107 504 855
235 1110 504
38 1111 852
236 506 1111
107 852 506
21 1099 1112
231 508 1099
237 1112 508
35 857 1101
109 507 857
231 1101 507
39 1113 854
237 509 1113
109 854 509
27 1114 1115
238 511 1114
239 1115 511
40 859 1116
111 510 859
238 1116 510
41 1117 862
239 512 1117
111 862 512
29 1118 1119
240 514 1118
241 1119 514
42 861 1120
110 513 861
240 1120 513
40 1121 858
241 515 1121
110 858 515
28 1122 1123
242 517 1122
243 1123 517
41 863 1124
112 516 863
242 1124 516
42 1125 860
243 518 1125
112 860 518
27 1126 1114
244 520 1126
238 1114 520
43 865 1127
114 519 865
244 1127 519
40 1116 868
238 521 1116
114 868 521
26 1128 1129
245 523 1128
246 1129 523
44 867 1130
113 522 867
245 1130 522
43 1131 864
246 524 1131
113 864 524
29 1119 1132
241 526 1119
247 1132 526
40 869 1121
115 525 869
241 1121 525
44 1133 866
247 527 1133
115 866 527
15 1134 1135
248 529 1134
249 1135 529
45 871 1136
117 528 871
248 1136 528
46 1137 874
249 530 1137
117 874 530
14 1138 1139
250 532 1138
251 1139 532
47 873 1140
116 531 873
250 1140 531
45 1141 870
251 533 1141
116 870 533
22 1142 1143
252 535 1142
253 1143 535
46 875 1144
118 534 875
252 1144 534
47 1145 872
253 536 1145
118 872 536
15 1146 1134
254 538 1146
248 1134 538
48 877 1147
120 537 877
254 1147 537
45 1136 880
248 539 1136
120 880 539
9 1148 1149
255 541 1148
256 1149 541
49 879 1150
119 540 879
255 1150 540
48 1151 876
256 542 1151
119 876 542
14 1139 1152
251 544 1139
257 1152 544
45 881 1141
121 543 881
251 1141 543
49 1153 878
257 545 1153
121 878 545
12 1154 1155
258 547 1154
259 1155 547
50 883 1156
123 546 883
258 1156 546
51 1157 886
259 548 1157
123 886 548
13 1158 1159
260 550 1158
261 1159 550
52 885 1160
122 549 885
260 1160 549
50 1161 882
261 551 1161
122 882 551
8 1162 1163
262 553 1162
263 1163 553
51 887 1164
124 552 887
262 1164 552
52 1165 884
263 554 1165
124 884 554
12 1166 1154
264 556 1166
258 1154 556
53 889 1167
126 555 889
264 1167 555
50 1156 892
258 557 1156
126 892 557
20 1095 1168
229 559 1095
265 1168 559
36 891 1097
125 558 891
229 1097 558
53 1169 888
265 560 1169
125 888 560
13 1159 1102
261 562 1159
232 1102 562
50 893 1161
127 561 893
261 1161 561
36 1104 890
232 563 1104
127 890 563
19 1170 1171
266 565 1170
267 1171 565
54 895 1172
129 564 895
266 1172 564
55 1173 898
267 566 1173
129 898 566
28 1174 1175
268 568 1174
269 1175 568
56 897 1176
128 567 897
268 1176 567
54 1177 894
269 569 1177
128 894 569
25 1178 1179
270 571 1178
271 1179 571
55 899 1180
130 570 899
270 1180 570
56 1181 896
271 572 1181
130 896 572
19 1182 1170
272 574 1182
266 1170 574
57 901 1183
132 573 901
272 1183 573
54 1172 904
266 575 1172
132 904 575
27 1115 1184
239 577 1115
273 1184 577
41 903 1117
131 576 903
239 1117 576
57 1185 900
273 578 1185
131 900 578
28 1175 1122
269 580 1175
242 1122 580
54 905 1177
133 579 905
269 1177 579
41 1124 902
242 581 1124
133 902 581
16 1186 1187
274 583 1186
275 1187 583
58 907 1188
135 582 907
274 1188 582
59 1189 910
275 584 1189
135 910 584
22 1190 1191
276 586 1190
277 1191 586
60 909 1192
134 585 909
276 1192 585
58 1193 906
277 587 1193
134 906 587
23 1194 1195
278 589 1194
279 1195 589
59 911 1196
136 588 911
278 1196 588
60 1197 908
279 590 1197
136 908 590
16 1198 1186
280 592 1198
274 1186 592
61 913 1199
138 591 913
280 1199 591
58 1188 916
274 593 1188
138 916 593
15 1135 1200
249 595 1135
281 1200 595
46 915 1137
137 594 915
249 1137 594
61 1201 912
281 596 1201
137 912 596
22 1191 1142
277 598 1191
252 1142 598
58 917 1193
139 597 917
277 1193 597
46 1144 914
252 599 1144
139 914 599
6 1202 1203
282 601 1202
283 1203 601
62 919 1204
141 600 919
282 1204 600
63 1205 922
283 602 1205
141 922 602
2 1206 1207
284 604 1206
285 1207 604
64 921 1208
140 603 921
284 1208 603
62 1209 918
285 605 1209
140 918 605
5 1210 1211
286 607 1210
287 1211 607
63 923 1212
142 606 923
286 1212 606
64 1213 920
287 608 1213
142 920 608
6 1214 1202
288 610 1214
282 1202 610
65 925 1215
144 609 925
288 1215 609
62 1204 928
282 611 1204
144 928 611
3 1075 1216
219 613 1075
289 1216 613
31 927 1077
143 612 927
219 1077 612
65 1217 924
289 614 1217
143 924 614
2 1207 1082
285 616 1207
222 1082 616
62 929 1209
145 615 929
285 1209 615
31 1084 926
222 617 1084
145 926 617
7 1218 1219
290 619 1218
291 1219 619
66 931 1220
147 618 931
290 1220 618
67 1221 934
291 620 1221
147 934 620
4 1089 1222
226 622 1089
292 1222 622
33 933 1091
146 621 933
226 1091 621
66 1223 930
292 623 1223
146 930 623
3 1224 1086
293 625 1224
224 1086 625
67 935 1225
148 624 935
293 1225 624
33 1087 932
224 626 1087
148 932 626
7 1226 1218
294 628 1226
290 1218 628
68 937 1227
150 627 937
294 1227 627
66 1220 940
290 629 1220
150 940 629
8 1228 1229
295 631 1228
296 1229 631
69 939 1230
149 630 939
295 1230 630
68 1231 936
296 632 1231
149 936 632
4 1222 1232
292 634 1222
297 1232 634
66 941 1223
151 633 941
292 1223 633
69 1233 938
297 635 1233
151 938 635
12 1155 1234
259 637 1155
298 1234 637
51 943 1157
153 636 943
259 1157 636
70 1235 946
298 638 1235
153 946 638
8 1229 1162
296 640 1229
262 1162 640
68 945 1231
152 639 945
296 1231 639
51 1164 942
262 641 1164
152 942 641
7 1236 1226
299 643 1236
294 1226 643
70 947 1237
154 642 947
299 1237 642
68 1227 944
294 644 1227
154 944 644
7 1219 1238
291 646 1219
300 1238 646
67 949 1221
156 645 949
291 1221 645
71 1239 952
300 647 1239
156 952 647
3 1216 1224
289 649 1216
293 1224 649
65 951 1217
155 648 951
289 1217 648
67 1225 948
293 650 1225
155 948 650
6 1240 1214
301 652 1240
288 1214 652
71 953 1241
157 651 953
301 1241 651
65 1215 950
288 653 1215
157 950 653
17 1242 1243
302 655 1242
303 1243 655
72 955 1244
159 654 955
302 1244 654
73 1245 958
303 656 1245
159 958 656
24 1109 1246
236 658 1109
304 1246 658
38 957 1111
158 657 957
236 1111 657
72 1247 954
304 659 1247
158 954 659
20 1248 1106
305 661 1248
234 1106 661
73 959 1249
160 660 959
305 1249 660
38 1107 956
234 662 1107
160 956 662
17 1250 1242
306 664 1250
302 1242 664
74 961 1251
162 663 961
306 1251 663
72 1244 964
302 665 1244
162 964 665
25 1252 1253
307 667 1252
308 1253 667
75 963 1254
161 666 963
307 1254 666
74 1255 960
308 668 1255
161 960 668
24 1246 1256
304 670 1246
309 1256 670
72 965 1247
163 669 965
304 1247 669
75 1257 962
309 671 1257
163 962 671
19 1171 1258
267 673 1171
310 1258 673
55 967 1173
165 672 967
267 1173 672
76 1259 970
310 674 1259
165 970 674
25 1253 1178
308 676 1253
270 1178 676
74 969 1255
164 675 969
308 1255 675
55 1180 966
270 677 1180
164 966 677
17 1260 1250
311 679 1260
306 1250 679
76 971 1261
166 678 971
311 1261 678
74 1251 968
306 680 1251
166 968 680
17 1243 1262
303 682 1243
312 1262 682
73 973 1245
168 681 973
303 1245 681
77 1263 976
312 683 1263
168 976 683
20 1168 1248
265 685 1168
305 1248 685
53 975 1169
167 684 975
265 1169 684
73 1249 972
305 686 1249
167 972 686
12 1264 1166
313 688 1264
264 1166 688
77 977 1265
169 687 977
313 1265 687
53 1167 974
264 689 1167
169 974 689
18 1266 1267
314 691 1266
315 1267 691
78 979 1268
171 690 979
314 1268 690
79 1269 982
315 692 1269
171 982 692
26 1129 1270
246 694 1129
316 1270 694
43 981 1131
170 693 981
246 1131 693
78 1271 978
316 695 1271
170 978 695
27 1272 1126
317 697 1272
244 1126 697
79 983 1273
172 696 983
317 1273 696
43 1127 980
244 698 1127
172 980 698
18 1274 1266
318 700 1274
314 1266 700
80 985 1275
174 699 985
318 1275 699
78 1268 988
314 701 1268
174 988 701
23 1276 1277
319 703 1276
320 1277 703
81 987 1278
173 702 987
319 1278 702
80 1279 984
320 704 1279
173 984 704
26 1270 1280
316 706 1270
321 1280 706
78 989 1271
175 705 989
316 1271 705
81 1281 986
321 707 1281
175 986 707
16 1187 1282
275 709 1187
322 1282 709
59 991 1189
177 708 991
275 1189 708
82 1283 994
322 710 1283
177 994 710
23 1277 1194
320 712 1277
278 1194 712
80 993 1279
176 711 993
320 1279 711
59 1196 990
278 713 1196
176 990 713
18 1284 1274
323 715 1284
318 1274 715
82 995 1285
178 714 995
323 1285 714
80 1275 992
318 716 1275
178 992 716
18 1267 1286
315 718 1267
324 1286 718
79 997 1269
180 717 997
315 1269 717
83 1287 1000
324 719 1287
180 1000 719
27 1184 1272
273 721 1184
317 1272 721
57 999 1185
179 720 999
273 1185 720
79 1273 996
317 722 1273
179 996 722
19 1288 1182
325 724 1288
272 1182 724
83 1001 1289
181 723 1001
325 1289 723
57 1183 998
272 725 1183
181 998 725
10 1290 1291
326 727 1290
327 1291 727
84 1003 1292
183 726 1003
326 1292 726
85 1293 1006
327 728 1293
183 1006 728
9 1149 1294
256 730 1149
328 1294 730
48 1005 1151
182 729 1005
256 1151 729
84 1295 1002
328 731 1295
182 1002 731
15 1296 1146
329 733 1296
254 1146 733
85 1007 1297
184 732 1007
329 1297 732
48 1147 1004
254 734 1147
184 1004 734
10 1298 1290
330 736 1298
326 1290 736
86 1009 1299
186 735 1009
330 1299 735
84 1292 1012
326 737 1292
186 1012 737
5 1300 1301
331 739 1300
332 1301 739
87 1011 1302
185 738 1011
331 1302 738
86 1303 1008
332 740 1303
185 1008 740
9 1294 1304
328 742 1294
333 1304 742
84 1013 1295
187 741 1013
328 1295 741
87 1305 1010
333 743 1305
187 1010 743
6 1203 1306
283 745 1203
334 1306 745
63 1015 1205
189 744 1015
283 1205 744
88 1307 1018
334 746 1307
189 1018 746
5 1301 1210
332 748 1301
286 1210 748
86 1017 1303
188 747 1017
332 1303 747
63 1212 1014
286 749 1212
188 1014 749
10 1308 1298
335 751 1308
330 1298 751
88 1019 1309
190 750 1019
335 1309 750
86 1299 1016
330 752 1299
190 1016 752
10 1291 1310
327 754 1291
336 1310 754
85 1021 1293
192 753 1021
327 1293 753
89 1311 1024
336 755 1311
192 1024 755
15 1200 1296
281 757 1200
329 1296 757
61 1023 1201
191 756 1023
281 1201 756
85 1297 1020
329 758 1297
191 1020 758
16 1312 1198
337 760 1312
280 1198 760
89 1025 1313
193 759 1025
337 1313 759
61 1199 1022
280 761 1199
193 1022 761
11 1314 1315
338 763 1314
339 1315 763
90 1027 1316
195 762 1027
338 1316 762
91 1317 1030
339 764 1317
195 1030 764
7 1238 1318
300 766 1238
340 1318 766
71 1029 1239
194 765 1029
300 1239 765
90 1319 1026
340 767 1319
194 1026 767
6 1320 1240
341 769 1320
301 1240 769
91 1031 1321
196 768 1031
341 1321 768
71 1241 1028
301 770 1241
196 1028 770
11 1322 1314
342 772 1322
338 1314 772
92 1033 1323
198 771 1033
342 1323 771
90 1316 1036
338 773 1316
198 1036 773
12 1234 1324
298 775 1234
343 1324 775
70 1035 1235
197 774 1035
298 1235 774
92 1325 1032
343 776 1325
197 1032 776
7 1318 1236
340 778 1318
299 1236 778
90 1037 1319
199 777 1037
340 1319 777
70 1237 1034
299 779 1237
199 1034 779
17 1262 1326
312 781 1262
344 1326 781
77 1039 1263
201 780 1039
312 1263 780
93 1327 1042
344 782 1327
201 1042 782
12 1324 1264
343 784 1324
313 1264 784
92 1041 1325
200 783 1041
343 1325 783
77 1265 1038
313 785 1265
200 1038 785
11 1328 1322
345 787 1328
342 1322 787
93 1043 1329
202 786 1043
345 1329 786
92 1323 1040
342 788 1323
202 1040 788
11 1315 1330
339 790 1315
346 1330 790
91 1045 1317
204 789 1045
339 1317 789
94 1331 1048
346 791 1331
204 1048 791
6 1306 1320
334 793 1306
341 1320 793
88 1047 1307
203 792 1047
334 1307 792
91 1321 1044
341 794 1321
203 1044 794
10 1332 1308
347 796 1332
335 1308 796
94 1049 1333
205 795 1049
347 1333 795
88 1309 1046
335 797 1309
205 1046 797
11 1330 1334
346 799 1330
348 1334 799
94 1051 1331
207 798 1051
346 1331 798
95 1335 1054
348 800 1335
207 1054 800
10 1310 1332
336 802 1310
347 1332 802
89 1053 1311
206 801 1053
336 1311 801
94 1333 1050
347 803 1333
206 1050 803
16 1336 1312
349 805 1336
337 1312 805
95 1055 1337
208 804 1055
349 1337 804
89 1313 1052
337 806 1313
208 1052 806
11 1334 1338
348 808 1334
350 1338 808
95 1057 1335
210 807 1057
348 1335 807
96 1339 1060
350 809 1339
210 1060 809
16 1282 1336
322 811 1282
349 1336 811
82 1059 1283
209 810 1059
322 1283 810
95 1337 1056
349 812 1337
209 1056 812
18 1340 1284
351 814 1340
323 1284 814
96 1061 1341
211 813 1061
351 1341 813
82 1285 1058
323 815 1285
211 1058 815
11 1338 1342
350 817 1338
352 1342 817
96 1063 1339
213 816 1063
350 1339 816
97 1343 1066
352 818 1343
213 1066 818
18 1286 1340
324 820 1286
351 1340 820
83 1065 1287
212 819 1065
324 1287 819
96 1341 1062
351 821 1341
212 1062 821
19 1344 1288
353 823 1344
325 1288 823
97 1067 1345
214 822 1067
353 1345 822
83 1289 1064
325 824 1289
214 1064 824
17 1326 1260
344 826 1326
311 1260 826
93 1069 1327
216 825 1069
344 1327 825
76 1261 1072
311 827 1261
216 1072 827
11 1342 1328
352 829 1342
345 1328 829
97 1071 1343
215 828 1071
352 1343 828
93 1329 1068
345 830 1329
215 1068 830
19 1258 1344
310 832 1258
353 1344 832
76 1073 1259
217 831 1073
310 1259 831
97 1345 1070
353 833 1345
217 1070 833
