1
2
5
9
14
21
24
25
28
29
32
39
42
49
56
64
75
87
220
223
235
237
240
243
255
257
268
271
284
287
307
309
331
333
1078
1080
1083
1085
1108
1110
1112
1113
1118
1120
1123
1125
1148
1150
1152
1153
1174
1176
1179
1181
1206
1208
1211
1213
1252
1254
1256
1257
1300
1302
1304
1305
4714
4716
4718
4719
4723
4725
4728
4729
4774
4776
4778
4779
4782
4783
4784
4785
4794
4796
4798
4799
4803
4805
4808
4809
4854
4856
4858
4859
4862
4863
4864
4865
4906
4908
4910
4911
4915
4917
4920
4921
4970
4972
4974
4975
4979
4981
4984
4985
5062
5064
5066
5067
5070
5071
5072
5073
5158
5160
5162
5163
5166
5167
5168
5169
4
8
13
22
23
26
34
37
44
47
52
60
69
81
225
227
230
233
245
247
250
253
260
263
276
279
295
297
319
321
1088
1090
1092
1093
1098
1100
1103
1105
1128
1130
1132
1133
1138
1140
1143
1145
1158
1160
1163
1165
1190
1192
1195
1197
1228
1230
1232
1233
1276
1278
1280
1281
4734
4736
4738
4739
4742
4743
4744
4745
4754
4756
4758
4759
4763
4765
4768
4769
4814
4816
4818
4819
4822
4823
4824
4825
4834
4836
4838
4839
4843
4845
4848
4849
4874
4876
4878
4879
4883
4885
4888
4889
4938
4940
4942
4943
4947
4949
4952
4953
5014
5016
5018
5019
5022
5023
5024
5025
5110
5112
5114
5115
5118
5119
5120
5121
