98 100 99
101 103 102
104 106 105
107 109 108
110 112 111
113 115 114
116 118 117
119 121 120
122 124 123
125 127 126
128 130 129
131 133 132
134 136 135
137 139 138
140 142 141
143 145 144
146 148 147
149 151 150
152 154 153
155 157 156
158 160 159
161 163 162
164 166 165
167 169 168
170 172 171
173 175 174
176 178 177
179 181 180
182 184 183
185 187 186
188 190 189
191 193 192
194 196 195
197 199 198
200 202 201
203 205 204
206 208 207
209 211 210
212 214 213
215 217 216
218 99 219
220 98 221
222 100 223
224 102 218
225 101 226
221 103 227
228 105 229
230 104 231
232 106 233
234 108 228
235 107 236
231 109 237
238 111 239
240 110 241
242 112 243
244 114 238
245 113 246
241 115 247
248 117 249
250 116 251
252 118 253
254 120 248
255 119 256
251 121 257
258 123 259
260 122 261
262 124 263
264 126 258
229 125 265
261 127 232
266 129 267
268 128 269
270 130 271
272 132 266
239 131 273
269 133 242
274 135 275
276 134 277
278 136 279
280 138 274
249 137 281
277 139 252
282 141 283
284 140 285
286 142 287
288 144 282
219 143 289
285 145 222
290 147 291
226 146 292
293 148 224
294 150 290
295 149 296
292 151 297
259 153 298
296 152 262
299 154 294
291 156 300
289 155 293
301 157 288
302 159 303
236 158 304
305 160 234
306 162 302
307 161 308
304 163 309
267 165 310
308 164 270
311 166 306
303 168 312
265 167 305
313 169 264
314 171 315
246 170 316
317 172 244
318 174 314
319 173 320
316 175 321
275 177 322
320 176 278
323 178 318
315 180 324
273 179 317
325 181 272
326 183 327
256 182 328
329 184 254
330 186 326
331 185 332
328 187 333
283 189 334
332 188 286
335 190 330
327 192 336
281 191 329
337 193 280
338 195 339
300 194 340
341 196 301
342 198 338
298 197 343
340 199 299
312 201 344
343 200 313
345 202 342
339 204 346
334 203 341
347 205 335
346 207 348
336 206 347
349 208 337
348 210 350
322 209 349
351 211 323
350 213 352
324 212 351
353 214 325
344 216 311
352 215 345
310 217 353
30 98 99
32 100 98
31 99 100
33 101 102
34 103 101
30 102 103
35 104 105
37 106 104
36 105 106
38 107 108
39 109 107
35 108 109
40 110 111
42 112 110
41 111 112
43 113 114
44 115 113
40 114 115
45 116 117
47 118 116
46 117 118
48 119 120
49 121 119
45 120 121
50 122 123
52 124 122
51 123 124
53 125 126
36 127 125
50 126 127
54 128 129
56 130 128
55 129 130
57 131 132
41 133 131
54 132 133
58 134 135
60 136 134
59 135 136
61 137 138
46 139 137
58 138 139
62 140 141
64 142 140
63 141 142
65 143 144
31 145 143
62 144 145
66 146 147
33 148 146
67 147 148
68 149 150
69 151 149
66 150 151
51 152 153
68 154 152
70 153 154
67 155 156
65 157 155
71 156 157
72 158 159
38 160 158
73 159 160
74 161 162
75 163 161
72 162 163
55 164 165
74 166 164
76 165 166
73 167 168
53 169 167
77 168 169
78 170 171
43 172 170
79 171 172
80 173 174
81 175 173
78 174 175
59 176 177
80 178 176
82 177 178
79 179 180
57 181 179
83 180 181
84 182 183
48 184 182
85 183 184
86 185 186
87 187 185
84 186 187
63 188 189
86 190 188
88 189 190
85 191 192
61 193 191
89 192 193
90 194 195
71 196 194
91 195 196
92 197 198
70 199 197
90 198 199
77 200 201
92 202 200
93 201 202
91 203 204
88 205 203
94 204 205
94 206 207
89 208 206
95 207 208
95 209 210
82 211 209
96 210 211
96 212 213
83 214 212
97 213 214
93 215 216
97 217 215
76 216 217
3 218 219
30 99 218
31 219 99
1 220 221
32 98 220
30 221 98
2 222 223
31 100 222
32 223 100
3 224 218
33 102 224
30 218 102
4 225 226
34 101 225
33 226 101
1 221 227
30 103 221
34 227 103
20 228 229
35 105 228
36 229 105
21 230 231
37 104 230
35 231 104
13 232 233
36 106 232
37 233 106
20 234 228
38 108 234
35 228 108
24 235 236
39 107 235
38 236 107
21 231 237
35 109 231
39 237 109
27 238 239
40 111 238
41 239 111
29 240 241
42 110 240
40 241 110
28 242 243
41 112 242
42 243 112
27 244 238
43 114 244
40 238 114
26 245 246
44 113 245
43 246 113
29 241 247
40 115 241
44 247 115
15 248 249
45 117 248
46 249 117
14 250 251
47 116 250
45 251 116
22 252 253
46 118 252
47 253 118
15 254 248
48 120 254
45 248 120
9 255 256
49 119 255
48 256 119
14 251 257
45 121 251
49 257 121
12 258 259
50 123 258
51 259 123
13 260 261
52 122 260
50 261 122
8 262 263
51 124 262
52 263 124
12 264 258
53 126 264
50 258 126
20 229 265
36 125 229
53 265 125
13 261 232
50 127 261
36 232 127
19 266 267
54 129 266
55 267 129
28 268 269
56 128 268
54 269 128
25 270 271
55 130 270
56 271 130
19 272 266
57 132 272
54 266 132
27 239 273
41 131 239
57 273 131
28 269 242
54 133 269
41 242 133
16 274 275
58 135 274
59 275 135
22 276 277
60 134 276
58 277 134
23 278 279
59 136 278
60 279 136
16 280 274
61 138 280
58 274 138
15 249 281
46 137 249
61 281 137
22 277 252
58 139 277
46 252 139
6 282 283
62 141 282
63 283 141
2 284 285
64 140 284
62 285 140
5 286 287
63 142 286
64 287 142
6 288 282
65 144 288
62 282 144
3 219 289
31 143 219
65 289 143
2 285 222
62 145 285
31 222 145
7 290 291
66 147 290
67 291 147
4 226 292
33 146 226
66 292 146
3 293 224
67 148 293
33 224 148
7 294 290
68 150 294
66 290 150
8 295 296
69 149 295
68 296 149
4 292 297
66 151 292
69 297 151
12 259 298
51 153 259
70 298 153
8 296 262
68 152 296
51 262 152
7 299 294
70 154 299
68 294 154
7 291 300
67 156 291
71 300 156
3 289 293
65 155 289
67 293 155
6 301 288
71 157 301
65 288 157
17 302 303
72 159 302
73 303 159
24 236 304
38 158 236
72 304 158
20 305 234
73 160 305
38 234 160
17 306 302
74 162 306
72 302 162
25 307 308
75 161 307
74 308 161
24 304 309
72 163 304
75 309 163
19 267 310
55 165 267
76 310 165
25 308 270
74 164 308
55 270 164
17 311 306
76 166 311
74 306 166
17 303 312
73 168 303
77 312 168
20 265 305
53 167 265
73 305 167
12 313 264
77 169 313
53 264 169
18 314 315
78 171 314
79 315 171
26 246 316
43 170 246
78 316 170
27 317 244
79 172 317
43 244 172
18 318 314
80 174 318
78 314 174
23 319 320
81 173 319
80 320 173
26 316 321
78 175 316
81 321 175
16 275 322
59 177 275
82 322 177
23 320 278
80 176 320
59 278 176
18 323 318
82 178 323
80 318 178
18 315 324
79 180 315
83 324 180
27 273 317
57 179 273
79 317 179
19 325 272
83 181 325
57 272 181
10 326 327
84 183 326
85 327 183
9 256 328
48 182 256
84 328 182
15 329 254
85 184 329
48 254 184
10 330 326
86 186 330
84 326 186
5 331 332
87 185 331
86 332 185
9 328 333
84 187 328
87 333 187
6 283 334
63 189 283
88 334 189
5 332 286
86 188 332
63 286 188
10 335 330
88 190 335
86 330 190
10 327 336
85 192 327
89 336 192
15 281 329
61 191 281
85 329 191
16 337 280
89 193 337
61 280 193
11 338 339
90 195 338
91 339 195
7 300 340
71 194 300
90 340 194
6 341 301
91 196 341
71 301 196
11 342 338
92 198 342
90 338 198
12 298 343
70 197 298
92 343 197
7 340 299
90 199 340
70 299 199
17 312 344
77 201 312
93 344 201
12 343 313
92 200 343
77 313 200
11 345 342
93 202 345
92 342 202
11 339 346
91 204 339
94 346 204
6 334 341
88 203 334
91 341 203
10 347 335
94 205 347
88 335 205
11 346 348
94 207 346
95 348 207
10 336 347
89 206 336
94 347 206
16 349 337
95 208 349
89 337 208
11 348 350
95 210 348
96 350 210
16 322 349
82 209 322
95 349 209
18 351 323
96 211 351
82 323 211
11 350 352
96 213 350
97 352 213
18 324 351
83 212 324
96 351 212
19 353 325
97 214 353
83 325 214
17 344 311
93 216 344
76 311 216
11 352 345
97 215 352
93 345 215
19 310 353
76 217 310
97 353 217
